110110000
110111001
100101101
000100100
000110000
100110000
011101000
111000000
011100000
110100100
010000100
010001000
100100100
010001000
100110100
010101000
111100010
010110000
111100001
111000010
111000011
110101101
010100100
111100000
011101000
110101100
011100000
111000010
111001011
010100100
111100000
110110000
110111001
110100101
010110000
111100011
011001000
011001100
000001000
000001100
110100110
000001100
100111000
110100100
100101101
010000100
110100101
111011011
111010010
010100100
111100100
011101000
110100100
011100000
000011100
110100101
000011000
100101101
100111100
001100100
001011100
010100100
111100101
110100100
010100100
111100110
011101000
110100100
011100000
000011100
110100111
000011000
110100101
000011000
100101001
100111100
001100100
001011100
010100100
111100101
100111000
011101000
111000001
011100000
110111011
110110010
110100100
000101000
000101100
110100110
000011000
100111001
110100100
010000100
010100100
111100111
001001100
001001000
100101010
001001100
001001000
100101010
001001100
001001000
100101010
001001100
001001000
100101010
001001100
001001000
100101010
001001100
001001000
011101000
110100001
011100000
011000000
100100001
110100101
000000100
100100100
011101000
110101101
000000100
100100101
000100100
000100100
110100000
000100000
000100000
000100000
000100000
000100000
000100000
000100000
000000100
100100100
000001100
011100000
111011011
111010010
