110111101
110110100
000101100
000110000
011101000
100110000
111000001
011100000
001001100
001001100
100101111
001001100
100101111
011101000
111011010
011110000
110100000
011101000
000001100
111011011
110101011
011100000
110111101
110110100
110100011
001101100
011101000
110100000
011100000
000001100
000101000
000101100
000101000
000101100
000101000
000101100
000101000
000101100
000101000
000101100
111011111
111010110
011101000
110101011
011110000
110110001
011100000
011000100
110100001
000000100
100100100
100101001
000000100
110111111
110110110
110100010
000000100
100100000
001001100
001001000
100100000
110100000
010100100
111101000
011101000
110101010
011100000
001000100
011110000
110100001
011100000
010100100
111101101
011101000
110101001
011100000
110100001
010100100
111101001
011101000
110111111
110110110
011100000
110101001
110100000
010100100
111101100
011101000
110111101
110110100
011100000
110101001
110100000
010100100
111101011
011101000
110101001
011100000
110100001
010100100
111101010
011100000
011001100
011001000
000001000
000001100
110100010
000001100
011100000
111011111
111010110
