110100101
110101011
000100000
000101100
100100000
001000000
100100000
001000000
100100000
001000000
100100000
000100100
100100101
001000100
100100101
001000100
100100101
001000100
100100101
011101000
111011101
111001000
111000001
011100000
100100010
110100000
010001000
010000100
000101000
000101000
000100100
000100100
011101000
111001110
111010111
110100000
110101001
011100000
010100100
101001110
010100100
111101111
110110101
011101000
110100010
011100000
001101000
011101000
110100111
011100000
000001000
100101000
000010000
110101011
011101000
110100010
011100000
001100100
011101000
110100110
011100000
000000100
100100100
000010100
100110100
111000011
011100000
110100010
110101100
000000100
000111000
100100100
000011100
100110000
110101011
000000100
100111000
000000100
011101000
111001100
011100000
110100000
110101001
010100100
111110000
110110101
011101000
110100010
011100000
001101000
011101000
110100111
011100000
000001000
100101000
000010000
110101011
011101000
110100010
011100000
001100100
011101000
110100110
011100000
000000100
100100100
000010100
110100001
011101000
110101000
110110001
011100000
011000100
000000100
100100100
000001000
100101010
110111010
100110101
011101000
110100011
011100000
000001000
100101010
001000100
001001100
100101010
110100000
010101000
111110001
111001011
111011010
110100000
110101001
010100100
111110010
011100000
110100010
110101011
110110100
110111101
111000100
111001101
111010010
111011011
011101000
110100000
110101001
111000001
111001000
110100110
110101111
111000111
111001110
011100000
110100000
110101001
010100100
111110011
011101000
110101001
110110100
100111111
001001000
100101010
001001000
100101010
001001000
100101010
011100000
110100001
010101000
111110100
011101000
100101000
000000100
110110100
001001000
001001100
111010100
011101000
000100100
000100100
110110100
110100010
001101000
110100101
000100000
000100000
000100000
000100000
000100000
000100000
000100000
000000100
100100100
000001000
011100000
111010111
111011110
